	온도	 습도
1	27.06	 31.21
2	27.06	 31.21
3	27.06	 31.21
4	27.06	 31.21
5	27.06	 31.21
6	27.06	 31.21
7	27.06	 31.21
8	27.06	 31.21
9	27.06	 31.21
10	27.06	 31.21
11	27.06	 31.21
12	27.06	 31.21
13	27.06	 31.21
14	27.06	 31.21
15	27.06	 31.21
16	27.06	 31.21
17	27.06	 31.21
18	27.06	 31.21
19	27.06	 33.68
20	27.06	 33.68
21	27.76	 47.57
22	27.76	 47.57
23	27.75	 58.98
24	27.75	 58.98
25	27.06	 59.48
26	27.06	 59.48
27	27.06	 56.49
28	27.06	 56.49
29	27.06	 52.53
30	27.06	 52.53
31	27.06	 48.06
32	27.06	 48.06
33	27.06	 47.07
34	27.06	 47.07
35	27.06	 50.54
36	27.06	 50.54
37	27.06	 59.48
38	27.06	 59.48
39	28.45	 68.90
40	28.45	 68.90
41	28.46	 75.35
42	28.46	 75.35
43	28.46	 79.81
44	28.46	 79.81
45	29.15	 82.29
46	29.15	 82.29
47	28.46	 84.77
48	28.46	 84.77
49	28.46	 86.26
50	28.46	 86.26
51	28.45	 82.29
52	28.45	 82.29
53	27.76	 74.36
54	27.76	 74.36
55	27.76	 66.91
56	27.76	 66.91
57	27.76	 59.48
58	27.76	 59.48
59	27.76	 54.01
60	27.76	 54.01
61	27.76	 48.56
62	27.76	 48.56
63	27.75	 44.59
64	27.75	 44.59
65	27.75	 41.62
66	27.75	 41.62
67	27.75	 39.14
68	27.75	 39.14
69	27.75	 37.65
70	27.75	 37.65
71	27.06	 36.17
72	27.06	 36.17
73	27.06	 35.17
74	27.06	 35.17
75	27.06	 34.67
76	27.06	 34.67
77	27.06	 34.18
78	27.06	 34.18
79	27.06	 33.68
80	27.06	 33.68
81	27.06	 33.19
82	27.06	 33.19
83	27.06	 32.69
84	27.06	 32.69
85	27.06	 32.69
86	27.06	 32.69
87	27.06	 32.20
88	27.06	 32.20
89	27.06	 32.20
90	27.06	 32.20
91	27.06	 32.20
92	27.06	 32.20
93	27.06	 32.19
94	27.06	 32.19
95	27.06	 32.19
96	27.06	 32.19
97	27.06	 31.70
98	27.06	 31.70
99	27.06	 31.70
100	27.06	 31.70
101	27.06	 31.70
102	27.06	 31.70
103	27.06	 31.70
104	27.06	 31.70
105	27.06	 31.70
106	27.06	 31.70
107	27.06	 31.70
108	27.06	 31.70
109	27.06	 31.70
110	27.06	 31.70
111	27.06	 31.70
112	27.06	 31.70
113	27.06	 31.70
114	27.06	 31.70
115	27.06	 31.70
116	27.06	 31.70
117	27.06	 31.70
118	27.06	 31.70
119	27.06	 31.70
120	27.06	 31.70
121	27.06	 31.21
122	27.06	 31.21
123	27.06	 31.21
124	27.06	 31.21
125	27.06	 31.21
126	27.06	 31.21
127	27.06	 31.21
128	27.06	 31.21
129	27.06	 31.21
130	27.06	 31.21
131	27.06	 31.21
132	27.06	 31.21
133	27.06	 31.21
134	27.06	 31.21
135	27.06	 31.21
136	27.06	 31.21
137	27.06	 31.21
138	27.06	 31.21
139	27.06	 31.21
140	27.06	 31.21
141	27.06	 31.21
142	27.06	 31.21
143	27.06	 31.21
144	27.06	 31.21
145	27.06	 31.21
146	27.06	 31.21
147	27.06	 31.21
148	27.06	 31.21
149	27.06	 31.21
150	27.06	 31.21
151	27.06	 31.21
152	27.06	 31.21
153	27.06	 31.21
154	27.06	 31.21
155	27.06	 31.21
156	27.06	 31.21
157	27.06	 31.21
158	27.06	 31.21
159	27.06	 31.21
160	27.06	 31.21
161	27.06	 31.21
162	27.06	 31.21
163	27.06	 31.21
164	27.06	 31.21
165	27.06	 31.21
166	27.06	 31.21
167	27.06	 31.21
168	27.06	 31.21
169	27.06	 31.21
170	27.06	 31.21
171	27.06	 31.21
172	27.06	 31.21
173	27.06	 31.21
174	27.06	 31.21
175	27.06	 31.21
176	27.06	 31.21
177	27.06	 31.21
178	27.06	 31.21
179	27.06	 31.21
180	27.06	 31.21
181	27.06	 31.21
182	27.06	 31.21
183	27.06	 31.21
184	27.06	 31.21
185	27.06	 31.21
186	27.06	 31.21
187	27.06	 31.21
188	27.06	 31.21
189	27.06	 31.21
190	27.06	 31.21
191	27.06	 31.70
192	27.06	 31.70
193	27.06	 31.70
194	27.06	 31.70
195	27.06	 31.70
196	27.06	 31.70
197	27.06	 31.70
198	27.06	 31.70
199	27.06	 31.70
